600 800
100
9 14 17
11 1 13
5 1 11
13 15 18
21 9 8
12 19 11
6 4 9
9 19 3
3 18 18
17 2 9
22 16 3
12 5 4
18 4 18
10 12 13
11 13 14
12 14 13
2 19 9
12 11 0
18 16 18
26 7 12
23 5 9
3 11 14
21 3 10
15 5 2
13 6 8
18 18 2
19 10 13
11 14 16
5 2 12
19 9 12
19 17 17
11 8 0
8 16 15
3 2 1
2 13 19
31 18 17
29 8 19
28 19 6
7 10 8
5 12 9
14 6 6
22 9 15
19 18 3
3 9 6
20 3 19
25 17 10
19 14 18
35 16 18
3 14 8
16 17 0
7 12 6
32 16 7
10 13 5
24 5 15
21 18 10
5 2 8
20 15 14
14 0 10
11 11 16
5 11 6
25 0 18
5 19 7
6 14 0
18 12 5
21 16 15
6 3 17
2 1 4
28 17 17
16 11 8
42 17 19
11 12 11
38 18 11
12 11 5
1 9 9
26 7 17
18 15 0
9 3 1
19 5 18
7 9 1
10 9 19
9 16 3
17 13 13
2 17 4
2 1 6
16 10 5
8 6 0
14 11 15
2 0 0
18 19 9
13 6 18
0 4 6
26 14 19
14 7 16
0 9 9
22 8 11
33 16 17
10 5 0
20 19 13
5 11 12
22 17 10
